-0.274059989999991
-0.257970908000004
-0.243099463999977
-0.240615122000023
-0.281944620000001
-0.260856961999979
-0.317255230000001
-0.247902814000009
-0.308690300000013
-0.281271620000007
-0.29006635400002
-0.177888134000014
-0.263053379999985
-0.254264509999983
-0.281237985999976
-0.265906837999976
-0.31461199999999
-0.252722459999985
-0.269289621999985
-0.242641368000022
-0.258581937999987
-0.305095359999996
-0.254666154000006
-0.175976764000007
-0.278743084000018
-0.296732404
-0.331257807999986
-0.252219483999976
-0.246369240000012
-0.226443757999983
