-0.244636210000005
-0.190066168000005
-0.236620064000006
-0.294356652000006
-0.180368259999996
-0.219494711999978
-0.247403550000019
-0.221176553999994
-0.222887850000014
-0.253091439999976
-0.219336654000024
-0.313019063999976
-0.219345989999995
-0.200423319999988
-0.241447916000014
-0.284167808000024
-0.198406169999997
-0.261802829999997
-0.269080182000012
-0.208396217999981
-0.218735398000021
-0.137149690000021
-0.212467194000018
-0.285013374000002
-0.267938163999982
-0.260306363999982
-0.210781337999977
-0.352333583999981
-0.23858424999997
-0.263969787999983
