-0.106705335000015
-0.0182798529999904
-0.0524200189999995
0.0649038030000142
0.0261648349999959
-0.0669046670000295
-0.0865271049999823
-0.0187531289999932
0.0444067950000306
-0.0369785149999764
-0.0163465889999781
-0.00499611899997632
0.0223729949999765
-0.0658059850000203
-0.156412170999992
-0.0392359129999935
-0.0842121250000254
-0.0342939050000073
-0.217860516999998
0.0256567169999791
-0.0744366630000197
-0.0433424649999914
-0.00567394899999485
0.0134467309999966
-0.0241914889999766
-0.163177979000025
-0.0253399630000004
-0.136815838999986
-0.0400994550000195
-0.00729755299999191
