-0.578630349999969
-0.593433917999986
-0.586357733999979
-0.565678961999971
-0.608984279999998
-0.566120331999985
-0.580570059999983
-0.584827334
-0.610781020000003
-0.572806870000012
-0.583751873999988
-0.545907614000022
-0.592428819999988
-0.587635279999995
-0.573727026000022
-0.552821567999979
-0.588963240000002
-0.575619059999989
-0.558983632000015
-0.567482877999989
-0.575244117999992
-0.602340709999989
-0.598411314
-0.568909064000016
-0.578462014000026
-0.557672094000011
-0.598401618000004
-0.533023674000027
-0.583427579999979
-0.568037938000023
