-0.386928340000008
-0.531209378000007
-0.472462944000029
-0.555213292000005
-0.545827899999995
-0.477583552000022
-0.359204280000007
-0.518300393999994
-0.493007849999993
-0.446811780000019
-0.481458753999982
-0.549149294000003
-0.538505029999998
-0.482831129999999
-0.338135125999999
-0.448828098000012
-0.404766689999986
-0.46652197000002
-0.27574627199998
-0.598096477999979
-0.463962107999976
-0.503031999999996
-0.519741613999974
-0.574507753999967
-0.441625473999988
-0.313071383999977
-0.425179498000022
-0.316567644000019
-0.48247970000001
-0.525211188000014
