site type swap energy
1 1 2 -1444.87113177
1 1 3 -1445.64829333
1 1 4 -1441.14723619
1 1 5 -1446.90321011
2 1 2 -1444.86947912
2 1 3 -1445.64622962
2 1 4 -1441.21819489
2 1 5 -1446.87086350
3 1 2 -1445.06007068
3 1 3 -1445.59339421
3 1 4 -1441.15798912
3 1 5 -1447.01251284
4 1 2 -1445.22581366
4 1 3 -1445.54404926
4 1 4 -1441.03926955
4 1 5 -1447.11427367
5 1 2 -1444.99461531
5 1 3 -1445.63766325
5 1 4 -1441.18677020
5 1 5 -1446.99391161
6 1 2 -1444.98496201
6 1 3 -1445.62616571
6 1 4 -1441.29145249
6 1 5 -1446.93842797
7 1 2 -1445.05531081
7 1 3 -1445.62185395
7 1 4 -1441.23905306
7 1 5 -1447.00914244
8 1 2 -1444.93867823
8 1 3 -1445.66381571
8 1 4 -1441.21341598
8 1 5 -1446.96002380
9 1 2 -1445.04314005
9 1 3 -1445.58847223
9 1 4 -1441.22776641
9 1 5 -1446.97401957
10 1 2 -1445.13039212
10 1 3 -1445.54656823
10 1 4 -1441.19371707
10 1 5 -1447.00176007
11 1 2 -1444.89578350
11 1 3 -1445.64785586
11 1 4 -1441.31398402
11 1 5 -1446.88979447
12 1 2 -1444.81387562
12 1 3 -1445.68923617
12 1 4 -1441.22934533
12 1 5 -1446.88603475
13 1 2 -1445.07513031
13 1 3 -1445.59037611
13 1 4 -1441.13701952
13 1 5 -1447.02364273
14 1 2 -1445.13396833
14 1 3 -1445.56934701
14 1 4 -1441.16210064
14 1 5 -1447.04595099
15 1 2 -1444.96850652
15 1 3 -1445.58755540
15 1 4 -1441.14909989
15 1 5 -1446.91950793
16 1 2 -1445.19638613
16 1 3 -1445.54668019
16 1 4 -1441.18314735
16 1 5 -1447.07624212
17 1 2 -1445.00359021
17 1 3 -1445.63574123
17 1 4 -1441.19734070
17 1 5 -1447.00374731
18 1 2 -1445.00601353
18 1 3 -1445.62198681
18 1 4 -1441.26968615
18 1 5 -1446.97577090
19 1 2 -1444.95105178
19 1 3 -1445.61339308
19 1 4 -1441.24519514
19 1 5 -1446.91287064
20 1 2 -1445.03784112
20 1 3 -1445.59476279
20 1 4 -1441.18361681
20 1 5 -1446.97970760
21 1 2 -1445.04820535
21 1 3 -1445.60255054
21 1 4 -1441.18805797
21 1 5 -1447.00518866
22 1 2 -1445.07289892
22 1 3 -1445.61403460
22 1 4 -1441.19993725
22 1 5 -1447.03174440
23 1 2 -1444.95007344
23 1 3 -1445.63242559
23 1 4 -1441.26959462
23 1 5 -1446.92314475
24 1 2 -1444.99640429
24 1 3 -1445.63528446
24 1 4 -1441.22986489
24 1 5 -1446.97754855
25 1 2 -1445.08435880
25 1 3 -1445.61608446
25 1 4 -1441.17983728
25 1 5 -1447.04854216
26 2 1 -1442.78746450
26 2 3 -1444.52740034
26 2 4 -1440.09423089
26 2 5 -1445.87740681
27 2 1 -1442.64473966
27 2 3 -1444.31773547
27 2 4 -1439.90915869
27 2 5 -1445.79494256
28 2 1 -1442.82649209
28 2 3 -1444.58775355
28 2 4 -1440.11819302
28 2 5 -1445.91299215
29 2 1 -1442.83429423
29 2 3 -1444.60095009
29 2 4 -1440.18716619
29 2 5 -1445.90314187
30 2 1 -1442.77772616
30 2 3 -1444.49732557
30 2 4 -1440.12789742
30 2 5 -1445.85011763
31 2 1 -1442.74119763
31 2 3 -1444.40969309
31 2 4 -1440.04931282
31 2 5 -1445.79095596
32 2 1 -1442.92504758
32 2 3 -1444.69469128
32 2 4 -1440.29281787
32 2 5 -1445.91751709
33 2 1 -1442.83664348
33 2 3 -1444.56993746
33 2 4 -1440.13812318
33 2 5 -1445.87694545
34 2 1 -1442.60675130
34 2 3 -1444.24732669
34 2 4 -1439.86680429
34 2 5 -1445.75028965
35 2 1 -1442.63596562
35 2 3 -1444.32541742
35 2 4 -1439.88497762
35 2 5 -1445.80295875
36 2 1 -1442.92953332
36 2 3 -1444.70530923
36 2 4 -1440.29921834
36 2 5 -1445.90763662
37 2 1 -1442.78657840
37 2 3 -1444.54021100
37 2 4 -1440.12434945
37 2 5 -1445.88898320
38 2 1 -1442.43994491
38 2 3 -1444.07785672
38 2 4 -1439.63991540
38 2 5 -1445.73524168
39 2 1 -1442.76242416
39 2 3 -1444.51526059
39 2 4 -1440.11874606
39 2 5 -1445.87355775
40 2 1 -1442.56916561
40 2 3 -1444.21362239
40 2 4 -1439.85896558
40 2 5 -1445.73920888
41 2 1 -1442.66265509
41 2 3 -1444.33088652
41 2 4 -1439.95512765
41 2 5 -1445.78917335
42 2 1 -1442.67537394
42 2 3 -1444.34225161
42 2 4 -1439.92800866
42 2 5 -1445.80506764
43 2 1 -1442.77080745
43 2 3 -1444.52777401
43 2 4 -1440.03853787
43 2 5 -1445.90104433
44 2 1 -1442.77624766
44 2 3 -1444.53701518
44 2 4 -1440.14813667
44 2 5 -1445.88965776
45 2 1 -1442.74952855
45 2 3 -1444.45348591
45 2 4 -1440.04913864
45 2 5 -1445.83633107
46 2 1 -1442.70733020
46 2 3 -1444.41858664
46 2 4 -1440.02359727
46 2 5 -1445.83620169
47 2 1 -1442.78853396
47 2 3 -1444.50152493
47 2 4 -1440.13720702
47 2 5 -1445.84680227
48 2 1 -1442.74963184
48 2 3 -1444.45707154
48 2 4 -1440.00470424
48 2 5 -1445.84722541
49 2 1 -1442.82198057
49 2 3 -1444.56408923
49 2 4 -1440.13811628
49 2 5 -1445.88910501
50 2 1 -1442.85510855
50 2 3 -1444.60211894
50 2 4 -1440.14467104
50 2 5 -1445.89159735
51 3 1 -1442.16444027
51 3 2 -1443.22845077
51 3 4 -1439.51087522
51 3 5 -1445.19926417
52 3 1 -1442.14158901
52 3 2 -1443.12025961
52 3 4 -1439.51490590
52 3 5 -1445.11652239
53 3 1 -1442.13601935
53 3 2 -1443.12786767
53 3 4 -1439.45123562
53 3 5 -1445.14074017
54 3 1 -1442.19787147
54 3 2 -1443.43507881
54 3 4 -1439.58472212
54 3 5 -1445.33701301
55 3 1 -1442.18229496
55 3 2 -1443.36184377
55 3 4 -1439.44839147
55 3 5 -1445.31821649
56 3 1 -1442.25975341
56 3 2 -1443.48552025
56 3 4 -1439.49731965
56 3 5 -1445.36573574
57 3 1 -1442.11348405
57 3 2 -1443.11898701
57 3 4 -1439.49952338
57 3 5 -1445.14101619
58 3 1 -1442.18991629
58 3 2 -1443.32541143
58 3 4 -1439.49816101
58 3 5 -1445.27731928
59 3 1 -1442.25207346
59 3 2 -1443.50494413
59 3 4 -1439.53589057
59 3 5 -1445.38007853
60 3 1 -1442.22590986
60 3 2 -1443.45454617
60 3 4 -1439.54788043
60 3 5 -1445.32482909
61 3 1 -1442.12430582
61 3 2 -1443.20239717
61 3 4 -1439.42635346
61 3 5 -1445.21335044
62 3 1 -1442.24855009
62 3 2 -1443.58514040
62 3 4 -1439.51605651
62 3 5 -1445.45556663
63 3 1 -1442.19446790
63 3 2 -1443.43893538
63 3 4 -1439.51576238
63 3 5 -1445.35034466
64 3 1 -1442.13502755
64 3 2 -1443.25793167
64 3 4 -1439.49596881
64 3 5 -1445.23585596
65 3 1 -1442.18330067
65 3 2 -1443.29134935
65 3 4 -1439.59518032
65 3 5 -1445.22506033
66 3 1 -1442.12840567
66 3 2 -1443.14190605
66 3 4 -1439.53335178
66 3 5 -1445.14336579
67 3 1 -1442.20057280
67 3 2 -1443.41356093
67 3 4 -1439.49634414
67 3 5 -1445.33009042
68 3 1 -1442.12240206
68 3 2 -1443.10319149
68 3 4 -1439.51149914
68 3 5 -1445.12148538
69 3 1 -1442.12445518
69 3 2 -1443.14698746
69 3 4 -1439.44379837
69 3 5 -1445.17740232
70 3 1 -1442.16294253
70 3 2 -1443.31697815
70 3 4 -1439.53909689
70 3 5 -1445.26390128
71 3 1 -1442.21602876
71 3 2 -1443.50890108
71 3 4 -1439.48302717
71 3 5 -1445.40771138
72 3 1 -1442.15006690
72 3 2 -1443.25860654
72 3 4 -1439.54774226
72 3 5 -1445.21571581
73 3 1 -1442.12772769
73 3 2 -1443.12363457
73 3 4 -1439.45060062
73 3 5 -1445.14963358
74 3 1 -1442.08727424
74 3 2 -1443.02996842
74 3 4 -1439.42516914
74 3 5 -1445.10379201
75 3 1 -1442.12152501
75 3 2 -1443.11039912
75 3 4 -1439.44230845
75 3 5 -1445.13864537
76 4 1 -1446.53102533
76 4 2 -1447.86270726
76 4 3 -1448.19827466
76 4 5 -1449.73666299
77 4 1 -1446.60548128
77 4 2 -1447.70901249
77 4 3 -1448.34465873
77 4 5 -1449.69061214
78 4 1 -1446.51282870
78 4 2 -1447.43840682
78 4 3 -1448.31178781
78 4 5 -1449.49698859
79 4 1 -1446.64650470
79 4 2 -1447.81249853
79 4 3 -1448.35059211
79 4 5 -1449.76014217
80 4 1 -1446.53609542
80 4 2 -1447.55561435
80 4 3 -1448.28488595
80 4 5 -1449.55246921
81 4 1 -1446.58989574
81 4 2 -1447.64198129
81 4 3 -1448.32473822
81 4 5 -1449.62766615
82 4 1 -1446.66730252
82 4 2 -1447.92798778
82 4 3 -1448.34655029
82 4 5 -1449.85294807
83 4 1 -1446.55226099
83 4 2 -1447.63849213
83 4 3 -1448.26181642
83 4 5 -1449.59403409
84 4 1 -1446.57876482
84 4 2 -1447.72529568
84 4 3 -1448.30108957
84 4 5 -1449.68705691
85 4 1 -1446.54045135
85 4 2 -1447.63434449
85 4 3 -1448.26582243
85 4 5 -1449.60142278
86 4 1 -1446.58028768
86 4 2 -1447.62179846
86 4 3 -1448.32740713
86 4 5 -1449.63079198
87 4 1 -1446.51459075
87 4 2 -1447.58217100
87 4 3 -1448.27485664
87 4 5 -1449.58256800
88 4 1 -1446.62340913
88 4 2 -1447.72996934
88 4 3 -1448.37817822
88 4 5 -1449.73589104
89 4 1 -1446.65760615
89 4 2 -1447.79459504
89 4 3 -1448.38485722
89 4 5 -1449.77724736
90 4 1 -1446.54067727
90 4 2 -1447.74982084
90 4 3 -1448.25365346
90 4 5 -1449.67493193
91 4 1 -1446.49998740
91 4 2 -1447.65506930
91 4 3 -1448.22360627
91 4 5 -1449.59839024
92 4 1 -1446.58217334
92 4 2 -1447.68055432
92 4 3 -1448.31227963
92 4 5 -1449.64637492
93 4 1 -1446.51809442
93 4 2 -1447.77592423
93 4 3 -1448.21171481
93 4 5 -1449.67664973
94 4 1 -1446.54697044
94 4 2 -1447.58618429
94 4 3 -1448.29602988
94 4 5 -1449.57296911
95 4 1 -1446.50311084
95 4 2 -1447.66629342
95 4 3 -1448.21150932
95 4 5 -1449.59130194
96 4 1 -1446.59423927
96 4 2 -1447.80430610
96 4 3 -1448.28760085
96 4 5 -1449.72892880
97 4 1 -1446.50414413
97 4 2 -1447.66964909
97 4 3 -1448.18984874
97 4 5 -1449.55931577
98 4 1 -1446.54955513
98 4 2 -1447.71957280
98 4 3 -1448.24968465
98 4 5 -1449.65629912
99 4 1 -1446.55788695
99 4 2 -1447.61212371
99 4 3 -1448.33100466
99 4 5 -1449.63301602
100 4 1 -1446.55050242
100 4 2 -1447.72697230
100 4 3 -1448.28573629
100 4 5 -1449.68916541
101 5 1 -1440.89920895
101 5 2 -1441.84242681
101 5 3 -1442.70035361
101 5 4 -1438.31523665
102 5 1 -1440.67853025
102 5 2 -1442.01657317
102 5 3 -1442.33558203
102 5 4 -1437.95717443
103 5 1 -1440.92779421
103 5 2 -1441.86511498
103 5 3 -1442.71009052
103 5 4 -1438.33123007
104 5 1 -1440.85181840
104 5 2 -1441.85767655
104 5 3 -1442.61917970
104 5 4 -1438.16227373
105 5 1 -1440.84864681
105 5 2 -1441.85755934
105 5 3 -1442.62646325
105 5 4 -1438.18054789
106 5 1 -1440.78931644
106 5 2 -1441.96450677
106 5 3 -1442.48515540
106 5 4 -1438.07266154
107 5 1 -1440.67405058
107 5 2 -1441.99661173
107 5 3 -1442.35534543
107 5 4 -1437.94529133
108 5 1 -1440.75418417
108 5 2 -1441.94384917
108 5 3 -1442.45675320
108 5 4 -1438.01680185
109 5 1 -1440.76168303
109 5 2 -1441.97810342
109 5 3 -1442.44262429
109 5 4 -1438.08875313
110 5 1 -1440.77286001
110 5 2 -1441.98687429
110 5 3 -1442.43612742
110 5 4 -1438.04409302
111 5 1 -1440.82672786
111 5 2 -1441.88540267
111 5 3 -1442.57919469
111 5 4 -1438.12260664
112 5 1 -1440.86307557
112 5 2 -1441.91043139
112 5 3 -1442.58689918
112 5 4 -1438.14834410
113 5 1 -1440.84100634
113 5 2 -1441.95520289
113 5 3 -1442.51599834
113 5 4 -1438.08975081
114 5 1 -1440.78098437
114 5 2 -1442.00477824
114 5 3 -1442.42719733
114 5 4 -1438.01961153
115 5 1 -1440.85536280
115 5 2 -1441.86168114
115 5 3 -1442.63084652
115 5 4 -1438.19088995
116 5 1 -1440.75879550
116 5 2 -1441.98030306
116 5 3 -1442.44423948
116 5 4 -1438.08113568
117 5 1 -1440.87433383
117 5 2 -1441.94998271
117 5 3 -1442.58979174
117 5 4 -1438.25672562
118 5 1 -1440.79549706
118 5 2 -1441.90863632
118 5 3 -1442.53368491
118 5 4 -1438.08183687
119 5 1 -1440.81153734
119 5 2 -1441.92658899
119 5 3 -1442.54654715
119 5 4 -1438.18180643
120 5 1 -1440.78672518
120 5 2 -1441.95008024
120 5 3 -1442.50172817
120 5 4 -1438.11416540
121 5 1 -1440.78733019
121 5 2 -1441.95070917
121 5 3 -1442.48879539
121 5 4 -1438.05734077
122 5 1 -1440.76647027
122 5 2 -1441.95463512
122 5 3 -1442.47935942
122 5 4 -1438.12574727
123 5 1 -1440.82280646
123 5 2 -1441.93106714
123 5 3 -1442.53602442
123 5 4 -1438.11661100
124 5 1 -1440.80168867
124 5 2 -1441.94080142
124 5 3 -1442.52113143
124 5 4 -1438.13330319
125 5 1 -1440.78037593
125 5 2 -1441.88990974
125 5 3 -1442.54231911
125 5 4 -1438.08013425
