site type swap energy
1 1 2 -1448.50476761
1 1 3 -1449.42562747
1 1 4 -1447.12606139
1 1 5 -1450.50445616
2 1 2 -1448.53263441
2 1 3 -1449.42155503
2 1 4 -1447.16268455
2 1 5 -1450.49891640
3 1 2 -1448.68117286
3 1 3 -1449.36422170
3 1 4 -1446.96430979
3 1 5 -1450.59246188
4 1 2 -1448.72003090
4 1 3 -1449.33247328
4 1 4 -1447.08092490
4 1 5 -1450.59061721
5 1 2 -1448.61863319
5 1 3 -1449.40785985
5 1 4 -1447.09304311
5 1 5 -1450.57703037
6 1 2 -1448.71274963
6 1 3 -1449.36474548
6 1 4 -1447.04716396
6 1 5 -1450.58321536
7 1 2 -1448.72016103
7 1 3 -1449.36732953
7 1 4 -1446.99916125
7 1 5 -1450.60642949
8 1 2 -1448.56292109
8 1 3 -1449.44924680
8 1 4 -1447.07508686
8 1 5 -1450.56309959
9 1 2 -1448.64651102
9 1 3 -1449.36557971
9 1 4 -1447.08628775
9 1 5 -1450.54227109
10 1 2 -1448.89719915
10 1 3 -1449.28866789
10 1 4 -1446.89126102
10 1 5 -1450.70189264
11 1 2 -1448.52369973
11 1 3 -1449.43243668
11 1 4 -1447.20126628
11 1 5 -1450.48395447
12 1 2 -1448.43499877
12 1 3 -1449.48074123
12 1 4 -1447.19601262
12 1 5 -1450.48716457
13 1 2 -1448.72240968
13 1 3 -1449.38189668
13 1 4 -1446.95581518
13 1 5 -1450.65320630
14 1 2 -1448.85684585
14 1 3 -1449.33743516
14 1 4 -1446.89517187
14 1 5 -1450.71531406
15 1 2 -1448.66097660
15 1 3 -1449.35796092
15 1 4 -1446.99685542
15 1 5 -1450.56182256
16 1 2 -1448.81292132
16 1 3 -1449.33422178
16 1 4 -1446.87236426
16 1 5 -1450.66522549
17 1 2 -1448.59554604
17 1 3 -1449.41800433
17 1 4 -1447.04030296
17 1 5 -1450.56446658
18 1 2 -1448.63598902
18 1 3 -1449.40903196
18 1 4 -1447.06848230
18 1 5 -1450.57602418
19 1 2 -1448.61093783
19 1 3 -1449.39285476
19 1 4 -1447.08629900
19 1 5 -1450.53792068
20 1 2 -1448.65114024
20 1 3 -1449.36738728
20 1 4 -1447.10400163
20 1 5 -1450.55476182
21 1 2 -1448.65809809
21 1 3 -1449.40362430
21 1 4 -1446.97959673
21 1 5 -1450.61146618
22 1 2 -1448.73654782
22 1 3 -1449.37458266
22 1 4 -1447.00900646
22 1 5 -1450.64503597
23 1 2 -1448.63109748
23 1 3 -1449.38628660
23 1 4 -1447.08332012
23 1 5 -1450.53665206
24 1 2 -1448.65176471
24 1 3 -1449.41695644
24 1 4 -1447.05205625
24 1 5 -1450.60338441
25 1 2 -1448.70248777
25 1 3 -1449.41839924
25 1 4 -1446.90562996
25 1 5 -1450.66645977
26 2 1 -1446.00443589
26 2 3 -1447.99386927
26 2 4 -1445.58092386
26 2 5 -1449.27251449
27 2 1 -1445.95492141
27 2 3 -1447.93002773
27 2 4 -1445.52748720
27 2 5 -1449.24942991
28 2 1 -1446.25735463
28 2 3 -1448.33697071
28 2 4 -1446.04832915
28 2 5 -1449.39752174
29 2 1 -1446.16606340
29 2 3 -1448.21439731
29 2 4 -1445.85063395
29 2 5 -1449.34599710
30 2 1 -1446.08598498
30 2 3 -1448.10682906
30 2 4 -1445.66302242
30 2 5 -1449.30994334
31 2 1 -1445.96879168
31 2 3 -1447.89119491
31 2 4 -1445.54467610
31 2 5 -1449.19428509
32 2 1 -1446.24140969
32 2 3 -1448.30822820
32 2 4 -1445.99384905
32 2 5 -1449.37188126
33 2 1 -1446.16824098
33 2 3 -1448.18285724
33 2 4 -1445.87674744
33 2 5 -1449.30947525
34 2 1 -1445.88944797
34 2 3 -1447.79970252
34 2 4 -1445.45301898
34 2 5 -1449.17185996
35 2 1 -1445.99402375
35 2 3 -1447.94680957
35 2 4 -1445.58771752
35 2 5 -1449.22957960
36 2 1 -1446.19852203
36 2 3 -1448.24185640
36 2 4 -1445.98839984
36 2 5 -1449.32449872
37 2 1 -1446.15827080
37 2 3 -1448.21001283
37 2 4 -1445.89121206
37 2 5 -1449.35261728
38 2 1 -1445.73601118
38 2 3 -1447.63890194
38 2 4 -1445.11626918
38 2 5 -1449.16066674
39 2 1 -1446.09678482
39 2 3 -1448.12689104
39 2 4 -1445.77676981
39 2 5 -1449.31043649
40 2 1 -1445.78193294
40 2 3 -1447.66080545
40 2 4 -1445.25609750
40 2 5 -1449.13850351
41 2 1 -1445.97851233
41 2 3 -1447.92568452
41 2 4 -1445.54607021
41 2 5 -1449.22789005
42 2 1 -1445.98543249
42 2 3 -1447.95819955
42 2 4 -1445.52260772
42 2 5 -1449.26847654
43 2 1 -1446.18315869
43 2 3 -1448.23027408
43 2 4 -1445.92587130
43 2 5 -1449.35197399
44 2 1 -1446.12204030
44 2 3 -1448.17074527
44 2 4 -1445.80503441
44 2 5 -1449.34287378
45 2 1 -1446.07432403
45 2 3 -1448.06155963
45 2 4 -1445.70783724
45 2 5 -1449.27906644
46 2 1 -1446.01859730
46 2 3 -1448.03680330
46 2 4 -1445.65988387
46 2 5 -1449.29348592
47 2 1 -1446.08322420
47 2 3 -1448.09225624
47 2 4 -1445.74307752
47 2 5 -1449.29630498
48 2 1 -1446.09703086
48 2 3 -1448.11908178
48 2 4 -1445.74274971
48 2 5 -1449.31829742
49 2 1 -1446.14088730
49 2 3 -1448.18907434
49 2 4 -1445.77983384
49 2 5 -1449.35509447
50 2 1 -1446.15910150
50 2 3 -1448.22311185
50 2 4 -1445.81492146
50 2 5 -1449.36560427
51 3 1 -1445.34723938
51 3 2 -1446.60387039
51 3 4 -1445.02775029
51 3 5 -1448.54332448
52 3 1 -1445.32343352
52 3 2 -1446.46091657
52 3 4 -1445.11057210
52 3 5 -1448.43540353
53 3 1 -1445.31246652
53 3 2 -1446.43281057
53 3 4 -1445.11626008
53 3 5 -1448.43206694
54 3 1 -1445.40976973
54 3 2 -1446.82562956
54 3 4 -1445.03194098
54 3 5 -1448.65393410
55 3 1 -1445.34707465
55 3 2 -1446.66478993
55 3 4 -1444.94878434
55 3 5 -1448.61876459
56 3 1 -1445.44263814
56 3 2 -1446.84414777
56 3 4 -1444.97407542
56 3 5 -1448.69354658
57 3 1 -1445.31574886
57 3 2 -1446.51701272
57 3 4 -1445.02826044
57 3 5 -1448.48650032
58 3 1 -1445.35062295
58 3 2 -1446.66419505
58 3 4 -1444.87812931
58 3 5 -1448.60898391
59 3 1 -1445.46067869
59 3 2 -1446.96950727
59 3 4 -1444.94334096
59 3 5 -1448.77470468
60 3 1 -1445.45013314
60 3 2 -1446.89895616
60 3 4 -1445.13698955
60 3 5 -1448.68980281
61 3 1 -1445.31593059
61 3 2 -1446.56822005
61 3 4 -1444.97092384
61 3 5 -1448.55086766
62 3 1 -1445.42243331
62 3 2 -1446.82894875
62 3 4 -1445.04784059
62 3 5 -1448.68336871
63 3 1 -1445.40935990
63 3 2 -1446.84966100
63 3 4 -1445.02597958
63 3 5 -1448.70396867
64 3 1 -1445.35364998
64 3 2 -1446.66969048
64 3 4 -1445.01998782
64 3 5 -1448.57890545
65 3 1 -1445.37265011
65 3 2 -1446.64757530
65 3 4 -1445.08136558
65 3 5 -1448.54255218
66 3 1 -1445.31826253
66 3 2 -1446.49257874
66 3 4 -1445.11202579
66 3 5 -1448.46448024
67 3 1 -1445.42559577
67 3 2 -1446.84247489
67 3 4 -1445.01037523
67 3 5 -1448.69189186
68 3 1 -1445.30426704
68 3 2 -1446.47321644
68 3 4 -1445.06091082
68 3 5 -1448.46293552
69 3 1 -1445.30894593
69 3 2 -1446.44868193
69 3 4 -1445.07028996
69 3 5 -1448.45991328
70 3 1 -1445.35689866
70 3 2 -1446.60562741
70 3 4 -1445.22426748
70 3 5 -1448.50314355
71 3 1 -1445.41229827
71 3 2 -1446.87676700
71 3 4 -1444.94093883
71 3 5 -1448.74828273
72 3 1 -1445.34429401
72 3 2 -1446.65018157
72 3 4 -1445.04510234
72 3 5 -1448.57518170
73 3 1 -1445.30896794
73 3 2 -1446.41694105
73 3 4 -1445.07293973
73 3 5 -1448.42323519
74 3 1 -1445.27298322
74 3 2 -1446.36166847
74 3 4 -1445.02493126
74 3 5 -1448.41164950
75 3 1 -1445.28719823
75 3 2 -1446.42618515
75 3 4 -1445.00068865
75 3 5 -1448.45164390
76 4 1 -1447.97716826
76 4 2 -1449.58604215
76 4 3 -1449.88123835
76 4 5 -1451.35226729
77 4 1 -1447.61571074
77 4 2 -1448.82085836
77 4 3 -1449.65228803
77 4 5 -1450.77474894
78 4 1 -1447.54201011
78 4 2 -1448.61446755
78 4 3 -1449.64129900
78 4 5 -1450.64730855
79 4 1 -1447.59474535
79 4 2 -1448.81581408
79 4 3 -1449.60728639
79 4 5 -1450.75651765
80 4 1 -1447.59547924
80 4 2 -1448.77187971
80 4 3 -1449.62458385
80 4 5 -1450.71135412
81 4 1 -1447.54332935
81 4 2 -1448.70905829
81 4 3 -1449.59608966
81 4 5 -1450.68163650
82 4 1 -1447.85439120
82 4 2 -1449.28311513
82 4 3 -1449.83572310
82 4 5 -1451.17911521
83 4 1 -1447.81040353
83 4 2 -1449.18200280
83 4 3 -1449.78321337
83 4 5 -1451.05673751
84 4 1 -1447.66192594
84 4 2 -1448.90366170
84 4 3 -1449.68390899
84 4 5 -1450.84630119
85 4 1 -1447.64784955
85 4 2 -1448.89334455
85 4 3 -1449.64841317
85 4 5 -1450.81126270
86 4 1 -1447.67283066
86 4 2 -1448.85380502
86 4 3 -1449.73524801
86 4 5 -1450.85420690
87 4 1 -1447.72043801
87 4 2 -1449.00094440
87 4 3 -1449.74654549
87 4 5 -1450.92782392
88 4 1 -1447.58465489
88 4 2 -1448.77305896
88 4 3 -1449.64235348
88 4 5 -1450.75835542
89 4 1 -1447.61090066
89 4 2 -1448.81244205
89 4 3 -1449.63837284
89 4 5 -1450.77807051
90 4 1 -1447.71596014
90 4 2 -1449.08935851
90 4 3 -1449.68575127
90 4 5 -1450.94351681
91 4 1 -1447.74072780
91 4 2 -1449.10045104
91 4 3 -1449.73792060
91 4 5 -1450.97414823
92 4 1 -1447.71344486
92 4 2 -1449.05394192
92 4 3 -1449.70499322
92 4 5 -1450.95294841
93 4 1 -1447.79705680
93 4 2 -1449.22320469
93 4 3 -1449.78507532
93 4 5 -1451.09371909
94 4 1 -1447.57687620
94 4 2 -1448.74543369
94 4 3 -1449.59470258
94 4 5 -1450.67324528
95 4 1 -1447.82852867
95 4 2 -1449.22770833
95 4 3 -1449.76846402
95 4 5 -1451.04494905
96 4 1 -1447.82311432
96 4 2 -1449.26394096
96 4 3 -1449.79258302
96 4 5 -1451.13574669
97 4 1 -1447.73072667
97 4 2 -1449.14333168
97 4 3 -1449.66211429
97 4 5 -1450.95148212
98 4 1 -1447.70184362
98 4 2 -1449.03162418
98 4 3 -1449.69570281
98 4 5 -1450.93727644
99 4 1 -1447.58919308
99 4 2 -1448.71394804
99 4 3 -1449.66739041
99 4 5 -1450.73157804
100 4 1 -1447.79056710
100 4 2 -1449.16798144
100 4 3 -1449.83904505
100 4 5 -1451.11313548
101 5 1 -1444.29813325
101 5 2 -1445.38696118
101 5 3 -1446.36748471
101 5 4 -1444.17320150
102 5 1 -1443.99352534
102 5 2 -1445.53367879
102 5 3 -1445.94436261
102 5 4 -1443.30190007
103 5 1 -1444.22463278
103 5 2 -1445.39087476
103 5 3 -1446.29584343
103 5 4 -1443.95766275
104 5 1 -1444.20635519
104 5 2 -1445.39968034
104 5 3 -1446.25512430
104 5 4 -1443.86441361
105 5 1 -1444.17647135
105 5 2 -1445.35655884
105 5 3 -1446.26875483
105 5 4 -1443.90619266
106 5 1 -1444.22934675
106 5 2 -1445.53596015
106 5 3 -1446.15960405
106 5 4 -1443.89334166
107 5 1 -1444.03620678
107 5 2 -1445.57221652
107 5 3 -1445.97018026
107 5 4 -1443.46770950
108 5 1 -1444.10439259
108 5 2 -1445.47824889
108 5 3 -1446.08155287
108 5 4 -1443.63436587
109 5 1 -1444.08232460
109 5 2 -1445.51453306
109 5 3 -1446.03758555
109 5 4 -1443.57324247
110 5 1 -1444.10784304
110 5 2 -1445.49844871
110 5 3 -1446.08208080
110 5 4 -1443.71595356
111 5 1 -1444.24113005
111 5 2 -1445.43149106
111 5 3 -1446.25921147
111 5 4 -1444.02696922
112 5 1 -1444.23285540
112 5 2 -1445.41917026
112 5 3 -1446.26185880
112 5 4 -1444.01518034
113 5 1 -1444.16397020
113 5 2 -1445.45319914
113 5 3 -1446.15069158
113 5 4 -1443.73438284
114 5 1 -1444.09563845
114 5 2 -1445.53099715
114 5 3 -1446.02762655
114 5 4 -1443.59369318
115 5 1 -1444.22359859
115 5 2 -1445.37905672
115 5 3 -1446.29085532
115 5 4 -1443.97608729
116 5 1 -1444.12786478
116 5 2 -1445.49766681
116 5 3 -1446.11073601
116 5 4 -1443.71703630
117 5 1 -1444.21211272
117 5 2 -1445.51992954
117 5 3 -1446.17640385
117 5 4 -1443.90220189
118 5 1 -1444.16132122
118 5 2 -1445.43781533
118 5 3 -1446.18622072
118 5 4 -1443.82740362
119 5 1 -1444.17235200
119 5 2 -1445.45395601
119 5 3 -1446.20069461
119 5 4 -1443.85850488
120 5 1 -1444.09007396
120 5 2 -1445.47960848
120 5 3 -1446.09257615
120 5 4 -1443.68750219
121 5 1 -1444.16285587
121 5 2 -1445.45867277
121 5 3 -1446.16204168
121 5 4 -1443.83225472
122 5 1 -1444.14239954
122 5 2 -1445.48024387
122 5 3 -1446.13346844
122 5 4 -1443.80518921
123 5 1 -1444.18730262
123 5 2 -1445.46335485
123 5 3 -1446.18163524
123 5 4 -1443.83129169
124 5 1 -1444.13289238
124 5 2 -1445.48699546
124 5 3 -1446.12679246
124 5 4 -1443.74177734
125 5 1 -1444.18711080
125 5 2 -1445.38567366
125 5 3 -1446.25611678
125 5 4 -1443.91966754
